mtx:
[ 5.9530702679522369e+02, 0., 3.1360792583403008e+02, 0.,
    6.3713263467472655e+02, 2.0846175612806391e+02, 0., 0., 1. ]
dist:
[ -1.1745176154677266e+00, 1.7556274623941732e+00,
    2.3758699457523076e-02, 1.7669597105469413e-02,
    -1.8449672251786422e+00 ]


front:
mtx:
[ 4.6103702730752963e+02, 0., 3.5418630431854262e+02, 0.,
    4.6064503212814503e+02, 2.2282685137757812e+02, 0., 0., 1. ]
dist:
[ -4.1165212539677309e-01, 2.2238052367908023e-01,
    9.4008882780610356e-04, -7.5876901718103422e-04,
    -6.2809466175509324e-02 ]